$energy      SCF               SCFKIN            SCFPOT
     1 -2290.960610627      2281.249696123     -4572.210306750
     2 -2290.965144354      2282.218883555     -4573.184027909
     3 -2290.965066377      2282.601897871     -4573.566964249
     4 -2290.965455350      2282.547436893     -4573.512892243
     5 -2290.965648531      2282.454338071     -4573.419986602
     6 -2290.965548717      2282.474744033     -4573.440292750
     7 -2290.965663076      2282.482613669     -4573.448276745
     8 -2290.965749624      2282.489620378     -4573.455370002
     9 -2290.965735745      2282.487013293     -4573.452749037
    10 -2290.965752146      2282.485432521     -4573.451184667
    11 -2290.965760213      2282.483399896     -4573.449160109
    12 -2290.965764779      2282.482949139     -4573.448713918
    13 -2290.965767146      2282.485891470     -4573.451658616
    14 -2290.965768160      2282.485884822     -4573.451652981
    15 -2290.965770241      2282.482854698     -4573.448624939
    16 -2290.965770057      2282.484570752     -4573.450340810
    17 -2290.965770670      2282.484293858     -4573.450064527
    18 -2290.965771119      2282.483972609     -4573.449743728
    19 -2290.965771245      2282.483732444     -4573.449503688
    20 -2290.965771536      2282.483763321     -4573.449534857
    21 -2290.965771557      2282.484257256     -4573.450028812
    22 -2290.965771741      2282.483954275     -4573.449726016
    23 -2290.965772090      2282.483774922     -4573.449547013
    24 -2290.965771984      2282.483990248     -4573.449762231
    25 -2290.965772144      2282.484091158     -4573.449863302
    26 -2290.965772491      2282.483680887     -4573.449453378
    27 -2290.965772665      2282.484648718     -4573.450421383
    28 -2290.965772133      2282.483587300     -4573.449359434
    29 -2290.965772602      2282.483653136     -4573.449425739
    30 -2290.965772705      2282.484041972     -4573.449814676
    31 -2290.965772432      2282.483957229     -4573.449729662
    32 -2290.965772902      2282.483962834     -4573.449735736
    33 -2290.965772809      2282.483669631     -4573.449442440
    34 -2290.965772819      2282.483863473     -4573.449636292
    35 -2290.965772980      2282.484030298     -4573.449803278
    36 -2290.965773056      2282.483967281     -4573.449740337
    37 -2290.965772940      2282.483834118     -4573.449607058
    38 -2290.965773248      2282.483877154     -4573.449650402
    39 -2290.965773112      2282.483933356     -4573.449706469
    40 -2290.965773157      2282.483988429     -4573.449761587
    41 -2290.965772580      2282.483657868     -4573.449430449
    42 -2290.965773418      2282.483868683     -4573.449642100
    43 -2290.965772629      2282.483747444     -4573.449520072
    44 -2290.965773468      2282.484208335     -4573.449981803
    45 -2290.965773487      2282.483943919     -4573.449717406
    46 -2290.965772791      2282.483383883     -4573.449156674
    47 -2290.965773380      2282.483994646     -4573.449768025
    48 -2290.965772384      2282.484551366     -4573.450323750
    49 -2290.965773457      2282.484034268     -4573.449807725
    50 -2290.965773474      2282.483972336     -4573.449745810
    51 -2290.965773491      2282.483983156     -4573.449756646
$end
